##TITLE=Benzoic acid
3816.000000 0.7781
3811.000000 0.7782
3806.000000 0.7784
3801.000000 0.7785
3796.000000 0.7786
3791.000000 0.7785
3786.000000 0.7792
3781.000000 0.7801
3776.000000 0.7814
3771.000000 0.7825
3766.000000 0.7837
3761.000000 0.7844
3756.000000 0.7850
3751.000000 0.7855
3746.000000 0.7861
3741.000000 0.7867
3736.000000 0.7868
3731.000000 0.7868
3726.000000 0.7867
3721.000000 0.7862
3716.000000 0.7858
3711.000000 0.7856
3706.000000 0.7857
3701.000000 0.7858
3696.000000 0.7871
3691.000000 0.7884
3686.000000 0.7898
3681.000000 0.7908
3676.000000 0.7917
3671.000000 0.7925
3666.000000 0.7933
3661.000000 0.7939
3656.000000 0.7945
3651.000000 0.7950
3646.000000 0.7955
3641.000000 0.7956
3636.000000 0.7958
3631.000000 0.7961
3626.000000 0.7967
3621.000000 0.7974
3616.000000 0.7980
3611.000000 0.7986
3606.000000 0.7995
3601.000000 0.8000
3596.000000 0.7988
3591.000000 0.7965
3586.000000 0.7956
3581.000000 0.7964
3576.000000 0.7975
3571.000000 0.7987
3566.000000 0.7996
3561.000000 0.8004
3556.000000 0.8008
3551.000000 0.8010
3546.000000 0.8012
3541.000000 0.8014
3536.000000 0.8015
3531.000000 0.8017
3526.000000 0.8018
3521.000000 0.8019
3516.000000 0.8024
3511.000000 0.8028
3506.000000 0.8032
3501.000000 0.8036
3496.000000 0.8043
3491.000000 0.8051
3486.000000 0.8061
3481.000000 0.8071
3476.000000 0.8083
3471.000000 0.8095
3466.000000 0.8099
3461.000000 0.8101
3456.000000 0.8105
3451.000000 0.8108
3446.000000 0.8110
3441.000000 0.8111
3436.000000 0.8115
3431.000000 0.8118
3426.000000 0.8122
3421.000000 0.8126
3416.000000 0.8128
3411.000000 0.8128
3406.000000 0.8128
3401.000000 0.8126
3396.000000 0.8126
3391.000000 0.8121
3386.000000 0.8128
3381.000000 0.8112
3376.000000 0.8108
3371.000000 0.8105
3366.000000 0.8100
3361.000000 0.8096
3356.000000 0.8094
3351.000000 0.8090
3346.000000 0.8085
3341.000000 0.8061
3336.000000 0.8042
3331.000000 0.8022
3326.000000 0.8005
3321.000000 0.7992
3316.000000 0.7985
3311.000000 0.7975
3306.000000 0.7958
3301.000000 0.7940
3296.000000 0.7921
3291.000000 0.7900
3286.000000 0.7876
3281.000000 0.7854
3276.000000 0.7832
3271.000000 0.7808
3266.000000 0.7786
3261.000000 0.7761
3256.000000 0.7740
3251.000000 0.7715
3246.000000 0.7691
3241.000000 0.7665
3236.000000 0.7637
3231.000000 0.7608
3226.000000 0.7578
3221.000000 0.7548
3216.000000 0.7518
3211.000000 0.7478
3206.000000 0.7435
3201.000000 0.7392
3196.000000 0.7350
3191.000000 0.7301
3186.000000 0.7254
3181.000000 0.7204
3176.000000 0.7150
3171.000000 0.7096
3166.000000 0.7038
3161.000000 0.6974
3156.000000 0.6910
3151.000000 0.6849
3146.000000 0.6790
3141.000000 0.6725
3136.000000 0.6661
3131.000000 0.6597
3126.000000 0.6532
3121.000000 0.6462
3116.000000 0.6395
3111.000000 0.6314
3106.000000 0.6229
3101.000000 0.6140
3096.000000 0.6060
3091.000000 0.5990
3086.000000 0.5930
3081.000000 0.5590
3076.000000 0.5052
3071.000000 0.5245
3066.000000 0.5404
3061.000000 0.5559
3056.000000 0.5637
3051.000000 0.5652
3046.000000 0.5640
3041.000000 0.5562
3036.000000 0.5476
3031.000000 0.5397
3026.000000 0.5326
3021.000000 0.5268
3016.000000 0.5228
3011.000000 0.5210
3006.000000 0.5202
3001.000000 0.5206
2996.000000 0.5221
2991.000000 0.5236
2986.000000 0.5246
2981.000000 0.5253
2976.000000 0.5255
2971.000000 0.5255
2966.000000 0.5254
2961.000000 0.5253
2956.000000 0.5247
2951.000000 0.5250
2946.000000 0.5269
2941.000000 0.5305
2936.000000 0.5336
2931.000000 0.5357
2926.000000 0.5366
2921.000000 0.5364
2916.000000 0.5343
2911.000000 0.5314
2906.000000 0.5264
2901.000000 0.5207
2896.000000 0.5148
2891.000000 0.5095
2886.000000 0.5056
2881.000000 0.5044
2876.000000 0.5038
2871.000000 0.5085
2866.000000 0.5123
2861.000000 0.5134
2856.000000 0.5128
2851.000000 0.5038
2846.000000 0.4960
2841.000000 0.4934
2836.000000 0.4927
2831.000000 0.4956
2826.000000 0.5030
2821.000000 0.5156
2816.000000 0.5302
2811.000000 0.5407
2806.000000 0.5502
2801.000000 0.5588
2796.000000 0.5670
2791.000000 0.5749
2786.000000 0.5826
2781.000000 0.5897
2776.000000 0.5964
2771.000000 0.6024
2766.000000 0.6083
2761.000000 0.6142
2756.000000 0.6198
2751.000000 0.6254
2746.000000 0.6318
2741.000000 0.6350
2736.000000 0.6339
2731.000000 0.6276
2726.000000 0.6214
2721.000000 0.6210
2716.000000 0.6286
2711.000000 0.6338
2706.000000 0.6349
2701.000000 0.6185
2696.000000 0.5949
2691.000000 0.5719
2686.000000 0.5538
2681.000000 0.5409
2676.000000 0.5362
2671.000000 0.5354
2666.000000 0.5372
2661.000000 0.5410
2656.000000 0.5467
2651.000000 0.5538
2646.000000 0.5618
2641.000000 0.5715
2636.000000 0.5821
2631.000000 0.5922
2626.000000 0.6007
2621.000000 0.6032
2616.000000 0.6033
2611.000000 0.5964
2606.000000 0.5868
2601.000000 0.5848
2596.000000 0.5971
2591.000000 0.6042
2586.000000 0.6067
2581.000000 0.6062
2576.000000 0.5890
2571.000000 0.5581
2566.000000 0.5370
2561.000000 0.5338
2556.000000 0.5339
2551.000000 0.5379
2546.000000 0.5535
2541.000000 0.5654
2536.000000 0.5764
2531.000000 0.5867
2526.000000 0.5965
2521.000000 0.6064
2516.000000 0.6181
2511.000000 0.6260
2506.000000 0.6335
2501.000000 0.6408
2496.000000 0.6478
2491.000000 0.6532
2486.000000 0.6575
2481.000000 0.6628
2476.000000 0.6686
2471.000000 0.6743
2466.000000 0.6797
2461.000000 0.6848
2456.000000 0.6888
2451.000000 0.6925
2446.000000 0.6968
2441.000000 0.7001
2436.000000 0.7036
2431.000000 0.7069
2426.000000 0.7105
2421.000000 0.7140
2416.000000 0.7176
2411.000000 0.7214
2406.000000 0.7251
2401.000000 0.7291
2396.000000 0.7330
2391.000000 0.7368
2386.000000 0.7405
2381.000000 0.7438
2376.000000 0.7467
2371.000000 0.7493
2366.000000 0.7524
2361.000000 0.7537
2356.000000 0.7539
2351.000000 0.7541
2346.000000 0.7558
2341.000000 0.7581
2336.000000 0.7604
2331.000000 0.7625
2326.000000 0.7640
2321.000000 0.7651
2316.000000 0.7665
2311.000000 0.7685
2306.000000 0.7711
2301.000000 0.7742
2296.000000 0.7750
2291.000000 0.7758
2286.000000 0.7789
2281.000000 0.7817
2276.000000 0.7843
2271.000000 0.7861
2266.000000 0.7871
2261.000000 0.7891
2256.000000 0.7914
2251.000000 0.7943
2246.000000 0.7972
2241.000000 0.8003
2236.000000 0.8034
2231.000000 0.8065
2226.000000 0.8097
2221.000000 0.8128
2216.000000 0.8161
2211.000000 0.8187
2206.000000 0.8207
2201.000000 0.8221
2196.000000 0.8225
2191.000000 0.8231
2186.000000 0.8239
2181.000000 0.8248
2176.000000 0.8260
2171.000000 0.8284
2166.000000 0.8309
2161.000000 0.8335
2156.000000 0.8361
2151.000000 0.8383
2146.000000 0.8404
2141.000000 0.8421
2136.000000 0.8435
2131.000000 0.8438
2126.000000 0.8442
2121.000000 0.8445
2116.000000 0.8448
2111.000000 0.8449
2106.000000 0.8442
2101.000000 0.8433
2096.000000 0.8412
2091.000000 0.8335
2086.000000 0.8350
2081.000000 0.8418
2076.000000 0.8467
2071.000000 0.8514
2066.000000 0.8552
2061.000000 0.8583
2056.000000 0.8601
2051.000000 0.8616
2046.000000 0.8627
2041.000000 0.8634
2036.000000 0.8642
2031.000000 0.8644
2026.000000 0.8646
2021.000000 0.8648
2016.000000 0.8651
2011.000000 0.8652
2006.000000 0.8642
2001.000000 0.8620
1996.000000 0.8541
1991.000000 0.8482
1986.000000 0.8517
1981.000000 0.8536
1976.000000 0.8566
1971.000000 0.8547
1966.000000 0.8513
1961.000000 0.8578
1956.000000 0.8605
1951.000000 0.8587
1946.000000 0.8575
1941.000000 0.8570
1936.000000 0.8518
1931.000000 0.8428
1926.000000 0.8405
1921.000000 0.8382
1916.000000 0.8311
1911.000000 0.8240
1906.000000 0.8321
1901.000000 0.8391
1896.000000 0.8443
1891.000000 0.8467
1886.000000 0.8480
1881.000000 0.8491
1876.000000 0.8500
1871.000000 0.8509
1866.000000 0.8516
1861.000000 0.8527
1856.000000 0.8545
1851.000000 0.8562
1846.000000 0.8568
1841.000000 0.8556
1836.000000 0.8536
1831.000000 0.8518
1826.000000 0.8465
1821.000000 0.8390
1816.000000 0.8392
1811.000000 0.8415
1806.000000 0.8420
1801.000000 0.8381
1796.000000 0.8325
1791.000000 0.8228
1786.000000 0.8167
1781.000000 0.8183
1776.000000 0.8277
1771.000000 0.8348
1766.000000 0.8414
1761.000000 0.8474
1756.000000 0.8498
1751.000000 0.8474
1746.000000 0.8355
1741.000000 0.8343
1736.000000 0.8440
1731.000000 0.8423
1726.000000 0.8096
1721.000000 0.7512
1716.000000 0.6209
1711.000000 0.5166
1706.000000 0.3812
1701.000000 0.1810
1696.000000 0.1330
1691.000000 0.1009
1686.000000 0.0770
1681.000000 0.0805
1676.000000 0.2003
1671.000000 0.3454
1666.000000 0.4827
1661.000000 0.6172
1656.000000 0.6818
1651.000000 0.7119
1646.000000 0.7510
1641.000000 0.7831
1636.000000 0.8058
1631.000000 0.8203
1626.000000 0.8287
1621.000000 0.8240
1616.000000 0.7880
1611.000000 0.8156
1606.000000 0.7619
1601.000000 0.6537
1596.000000 0.6792
1591.000000 0.7855
1586.000000 0.8191
1581.000000 0.6056
1576.000000 0.7168
1571.000000 0.7693
1566.000000 0.7925
1561.000000 0.8117
1556.000000 0.8227
1551.000000 0.8250
1546.000000 0.8301
1541.000000 0.8413
1536.000000 0.8492
1531.000000 0.8505
1526.000000 0.8511
1521.000000 0.8515
1516.000000 0.8621
1511.000000 0.8736
1506.000000 0.8768
1501.000000 0.8751
1496.000000 0.7934
1491.000000 0.8510
1486.000000 0.8752
1481.000000 0.8867
1476.000000 0.8887
1471.000000 0.8843
1466.000000 0.8690
1461.000000 0.8157
1456.000000 0.7621
1451.000000 0.3647
1446.000000 0.6350
1441.000000 0.8021
1436.000000 0.8007
1431.000000 0.6971
1426.000000 0.4600
1421.000000 0.3716
1416.000000 0.4251
1411.000000 0.5442
1406.000000 0.6633
1401.000000 0.7145
1396.000000 0.7385
1391.000000 0.7725
1386.000000 0.7926
1381.000000 0.8035
1376.000000 0.8084
1371.000000 0.8153
1366.000000 0.8200
1361.000000 0.8164
1356.000000 0.8021
1351.000000 0.7751
1346.000000 0.7411
1341.000000 0.7128
1336.000000 0.6637
1331.000000 0.5465
1326.000000 0.2231
1321.000000 0.2822
1316.000000 0.5182
1311.000000 0.5756
1306.000000 0.5922
1301.000000 0.3396
1296.000000 0.2209
1291.000000 0.1566
1286.000000 0.2027
1281.000000 0.3295
1276.000000 0.4516
1271.000000 0.4926
1266.000000 0.6192
1261.000000 0.6625
1256.000000 0.7051
1251.000000 0.7175
1246.000000 0.7408
1241.000000 0.7767
1236.000000 0.8082
1231.000000 0.8249
1226.000000 0.8357
1221.000000 0.8413
1216.000000 0.8424
1211.000000 0.8336
1206.000000 0.8268
1201.000000 0.8350
1196.000000 0.8417
1191.000000 0.8378
1186.000000 0.7896
1181.000000 0.6411
1176.000000 0.6521
1171.000000 0.6758
1166.000000 0.7885
1161.000000 0.8184
1156.000000 0.8352
1151.000000 0.8399
1146.000000 0.8406
1141.000000 0.8401
1136.000000 0.8382
1131.000000 0.8240
1126.000000 0.6578
1121.000000 0.7308
1116.000000 0.8168
1111.000000 0.8390
1106.000000 0.8483
1101.000000 0.8482
1096.000000 0.7984
1091.000000 0.8383
1086.000000 0.8491
1081.000000 0.8507
1076.000000 0.8395
1071.000000 0.6742
1066.000000 0.7314
1061.000000 0.7954
1056.000000 0.8192
1051.000000 0.8260
1046.000000 0.8266
1041.000000 0.8286
1036.000000 0.8308
1031.000000 0.8332
1026.000000 0.7861
1021.000000 0.7047
1016.000000 0.8239
1011.000000 0.8355
1006.000000 0.8398
1001.000000 0.8398
996.000000 0.8284
991.000000 0.8121
986.000000 0.8328
981.000000 0.8313
976.000000 0.8230
971.000000 0.8122
966.000000 0.8000
961.000000 0.7788
956.000000 0.7469
951.000000 0.6586
946.000000 0.5602
941.000000 0.5197
936.000000 0.4725
931.000000 0.4210
926.000000 0.4872
921.000000 0.5362
916.000000 0.5924
911.000000 0.6425
906.000000 0.6842
901.000000 0.7311
896.000000 0.7661
891.000000 0.7888
886.000000 0.8040
881.000000 0.8161
876.000000 0.8262
871.000000 0.8357
866.000000 0.8408
861.000000 0.8444
856.000000 0.8465
851.000000 0.8363
846.000000 0.8410
841.000000 0.8453
836.000000 0.8464
831.000000 0.8437
826.000000 0.8414
821.000000 0.8391
816.000000 0.8227
811.000000 0.7958
806.000000 0.6853
801.000000 0.7071
796.000000 0.7832
791.000000 0.8221
786.000000 0.8368
781.000000 0.8473
776.000000 0.8551
771.000000 0.8612
766.000000 0.8628
761.000000 0.8641
756.000000 0.8643
751.000000 0.8634
746.000000 0.8609
741.000000 0.8564
736.000000 0.8514
731.000000 0.8457
726.000000 0.8377
721.000000 0.8197
716.000000 0.7680
711.000000 0.3491
706.000000 0.0875
701.000000 0.3134
696.000000 0.7104
691.000000 0.8048
686.000000 0.7950
681.000000 0.6078
676.000000 0.7857
671.000000 0.8336
666.000000 0.4271
661.000000 0.5564
656.000000 0.8142
651.000000 0.8453
646.000000 0.8571
641.000000 0.8687
636.000000 0.8728
631.000000 0.8762
626.000000 0.8782
621.000000 0.8794
616.000000 0.8778
611.000000 0.8707
606.000000 0.8718
601.000000 0.8741
596.000000 0.8735
591.000000 0.8727
586.000000 0.8720
581.000000 0.8701
576.000000 0.8661
571.000000 0.8605
566.000000 0.8525
561.000000 0.8258
556.000000 0.6828
551.000000 0.6690
546.000000 0.7060
541.000000 0.7351
536.000000 0.7615
531.000000 0.7774
526.000000 0.7889
521.000000 0.7988
516.000000 0.8083
511.000000 0.8150
506.000000 0.8194
501.000000 0.8223
496.000000 0.8239
491.000000 0.8252
486.000000 0.8259
481.000000 0.8266
476.000000 0.8265
471.000000 0.8247
466.000000 0.8215
461.000000 0.8161
456.000000 0.8103
